10,[1276,110,1270,228,1198,218,1019,197,922,189,760,178,734,119,746,12,882,22,1075,53,1211,86],
10,[734,9,728,122,744,175,522,167,298,167,211,170,98,181,4,194,1,69,210,23,356,10],
37,[1277,252,1278,351,1131,349,751,336,754,202,1010,217],
37,[747,334,743,202,570,194,357,188,199,193,1,210,2,314],
17,[546,345,542,408,520,465,262,452,98,436,2,423,3,332],
20,[552,348,547,406,528,462,726,475,938,474,1140,468,1277,458,1278,370,977,363,759,358],
17,[6,518,4,440,108,451,258,465,447,479,672,489,708,491,712,588,401,574,171,549],
8,[716,502,720,588,959,579,1161,562,1277,542,1278,473,1053,487,861,490,718,494],
11,[89,552,43,637,276,691,313,700,325,655,307,580],
9,[318,700,329,657,311,582,448,594,505,596,511,719],
75,[513,600,514,718,926,718,1137,686,1277,649,1279,557,1095,585,821,602,675,604]

